 533 

 177 

 87 

 1.800 

 1.308 

 291 

 1.365 

 733 

 195 

 399 

 129 

 69 

 50.553 

 13.831 

 5.536 

 604.581 

 445.297 

 102.403 

 247.707 

 140.987 

 25.962 

 49.992 

 16.755 

 8.014 

 9.278 

 3.936 

 1.510 

 82.212 

 61.101 

 13.877 

 43.975 

 25.609 

 5.238 

 9.089 

 4.176 

 1.806 

 44 

 9 

 4 

 73 

 26 

 9 

 74 

 27 

 10 

 33 

 5 

 2 

 20.820 

 6.343 

 438 

 106.197 

 65.002 

 16.423 

 265.299 

 167.482 

 73.873 

 18.998 

 11.624 

 113 

 2.328 

 1.881 

 19 

 4.838 

 2.730 

 107 

 60.736 

 32.276 

 22.469 

 4.310 

 4.188 

 11 

