 621 

 230 

 2.131 

 1.827 

 1.724 

 1.066 

 653 

 302 

 58.216 

 13.886 

 668.985 

 584.925 

 307.296 

 202.973 

 71.673 

 27.045 

 7.183 

 3.226 

 111.284 

 99.973 

 56.735 

 41.949 

 12.011 

 6.116 

 65 

 18 

 80 

 46 

 110 

 53 

 54 

 10 

 23.102 

 8.322 

 164.057 

 148.532 

 295.702 

 258.579 

 16.042 

 7.056 

 2.364 

 1.058 

 22.743 

 17.266 

 55.402 

 49.547 

 2.044 

 1.401 

