 592 

 216 

 2.031 

 1.734 

 1.637 

 1.026 

 637 

 290 

 57.541 

 12.702 

 643.048 

 557.927 

 319.571 

 213.142 

 69.429 

 23.934 

 6.600 

 2.711 

 98.085 

 86.455 

 55.189 

 40.848 

 10.941 

 5.419 

 65 

 18 

 82 

 53 

 115 

 59 

 53 

 12 

 23.350 

 10.248 

 157.066 

 146.574 

 295.264 

 262.952 

 16.851 

 8.367 

 2.350 

 1.142 

 18.103 

 16.381 

 40.822 

 36.230 

 1.697 

 1.042 

