 584 

 181 

 2.022 

 1.744 

 1.548 

 1.033 

 632 

 272 

 54.170 

 10.727 

 585.609 

 506.407 

 313.318 

 211.408 

 67.129 

 20.223 

 8.007 

 2.626 

 99.216 

 87.981 

 62.231 

 44.134 

 11.511 

 5.014 

 64 

 25 

 85 

 67 

 126 

 80 

 46 

 17 

 28.567 

 17.402 

 181.250 

 173.619 

 342.495 

 316.523 

 16.185 

 9.134 

 2.889 

 1.470 

 25.770 

 25.261 

 60.604 

 55.672 

 2.122 

 1.711 

