 504 

 154 

 2.086 

 1.802 

 1.495 

 1.109 

 570 

 244 

 52.238 

 6.400 

 433.241 

 357.287 

 269.787 

 176.144 

 59.907 

 12.031 

 6.315 

 1.529 

 78.631 

 68.448 

 52.546 

 36.945 

 8.889 

 2.943 

 91 

 44 

 177 

 166 

 232 

 175 

 61 

 29 

 44.129 

 27.559 

 221.602 

 214.133 

 478.103 

 440.628 

 20.930 

 11.794 

 4.498 

 3.426 

 24.711 

 24.188 

 69.932 

 65.501 

 2.930 

 1.973 

