 477 

 126 

 2.001 

 1.711 

 1.508 

 1.083 

 536 

 206 

 45.393 

 3.668 

 319.007 

 247.953 

 221.233 

 137.993 

 52.664 

 7.063 

 4.491 

 942 

 59.963 

 52.158 

 41.262 

 31.591 

 6.300 

 1.850 

 129 

 83 

 264 

 253 

 345 

 276 

 90 

 57 

 50.751 

 36.843 

 307.806 

 300.581 

 595.194 

 559.504 

 24.990 

 16.924 

 7.205 

 5.935 

 31.008 

 30.647 

 94.771 

 91.412 

 3.663 

 2.855 

