279

47

33

31

46

32

105

33.613

1.585

581

527

1.220

494

11.490

3.528

497

151

147

377

190

873

504

302

431

421

982

960

64

127.628

66.465

58.558

57.552

74.566

71.724

9.699

20.917

14.645

12.276

12.023

16.827

16.388

759

507

178

268

261

651

617

32

102.356

24.084

31.521

30.886

53.532

48.367

3.448

16.448

7.325

7.010

6.844

16.429

15.334

311

321

81

65

63

52

44

84

39.050

2.894

1.715

1.668

1.054

688

10.349

4.725

816

491

471

364

266

1.010

79

39

50

50

11

11

10

33.081

20.554

15.295

15.295

1.273

1.273

1.697

5.001

4.019

2.978

2.978

7

7

225

82

71

149

148

80

80

0

216.709

207.367

123.574

123.540

10.232

10.232

0

25.501

24.738

8.667

8.667

480

480

0

125

73

146

146

106

105

12

346.245

310.874

216.942

216.942

30.098

29.456

5.055

81.958

76.389

37.997

37.997

4.558

4.558

716

61

29

41

41

3

3

3

17.494

9.636

7.729

7.729

218

218

497

2.824

2.184

1.028

1.028

3

3

171

