279

43

30

28

45

31

107

31.428

1.191

411

363

923

346

10.963

3.538

280

118

109

256

98

1.059

493

284

453

444

916

895

67

119.152

58.147

55.177

54.541

61.210

58.594

9.921

20.193

13.109

12.325

12.165

13.221

12.784

1.022

508

174

282

276

612

579

31

98.534

19.472

28.277

27.914

41.315

36.325

3.574

17.526

6.127

6.577

6.495

12.463

11.483

395

310

72

63

61

45

37

84

37.802

2.114

1.315

1.269

699

400

9.537

5.369

546

343

336

271

161

1.104

78

38

59

59

14

14

9

32.455

20.865

15.646

15.646

1.112

1.112

1.380

4.491

3.371

1.896

1.896

32

32

123

85

72

170

169

106

106

0

234.382

219.291

145.099

145.055

13.848

13.848

0

21.802

20.958

10.260

10.260

926

926

0

130

76

165

165

135

134

14

365.300

329.001

241.049

241.049

39.127

38.495

4.624

74.312

69.034

34.581

34.581

4.806

4.771

947

62

30

46

46

4

4

3

16.797

9.777

9.218

9.218

366

366

530

2.134

1.571

838

838

5

5

44

